CST,最高温度C,平均温度C,最低温度C,露点C,MeanDew PointC,Min DewpointC,Max 湿度, Mean 湿度, Min 湿度, Max 海平面气压hPa, Mean 海平面气压hPa, Min 海平面气压hPa, Max 能见度Km, Mean 能见度Km, Min 能见度kM, Max 风速Km/h, Mean 风速Km/h, Max 瞬间风速Km/h,降水量mm, CloudCover, 活动,WindDirDegrees
2016-1-19,-1,-9,-16,-17,-21,-24,67,40,9,1035,1031,1029,11,6,3,14,6,,0.00,,,353
2016-1-20,-3,-8,-12,-10,-14,-19,80,56,25,1037,1035,1033,8,6,2,11,5,,0.00,,,83
2016-1-21,-3,-7,-9,-6,-8,-11,93,81,52,1038,1034,1032,6,5,2,11,6,,0.00,6,中雪,87
2016-1-22,-6,-10,-14,-9,-25,-32,93,29,5,1047,1043,1038,31,17,6,35,21,47,0.00,,,335
2016-1-23,-13,-16,-17,-27,-31,-34,39,23,6,1046,1044,1043,26,18,10,50,26,72,0.00,,,340
2016-1-24,-4,-9,-15,-20,-25,-30,34,26,6,1044,1040,1035,31,21,5,47,32,64,0.00,,,319
2016-1-25,2,-6,-12,-19,-22,-24,45,24,5,1035,1030,1027,29,11,3,35,18,55,0.00,,,330
2016-1-26,2,-2,-6,-17,-20,-23,36,22,6,1030,1028,1027,27,18,3,26,18,43,0.00,,,308
2016-1-27,3,-6,-13,-14,-17,-19,73,40,8,1030,1028,1026,10,5,2,11,5,,0.00,,,65
2016-1-28,5,-2,-10,-12,-16,-18,62,39,9,1033,1030,1028,8,6,2,14,6,,0.00,,,16
2016-1-29,-2,-6,-9,-13,-15,-19,73,46,14,1038,1035,1033,14,10,8,14,6,,0.00,,,168
2016-1-30,-3,-7,-11,-13,-19,-23,73,40,9,1038,1036,1034,26,10,3,21,8,26,0.00,,,21
2016-1-31,1,-7,-15,-16,-21,-24,52,29,6,1039,1037,1035,31,21,3,29,13,47,0.00,,,340
2016-2-1,4,-4,-13,-16,-18,-21,62,32,7,1038,1036,1033,31,26,8,32,13,50,0.00,,,341
2016-2-2,6,-2,-9,-16,-18,-21,49,29,7,1035,1031,1027,23,14,3,18,11,32,0.00,,,354
2016-2-3,8,-1,-10,-15,-17,-20,57,31,6,1031,1028,1025,19,10,3,21,10,,0.00,,,339
2016-2-4,5,0,-5,-16,-18,-21,39,25,5,1033,1031,1028,31,28,16,21,13,,0.00,8,,3
2016-2-5,4,0,-3,-15,-17,-21,40,25,7,1032,1031,1029,31,29,19,40,24,58,0.00,,,322
2016-2-6,7,-1,-9,-13,-17,-19,62,32,7,1032,1029,1025,29,14,5,29,11,40,0.00,,,330
2016-2-7,8,0,-8,-12,-16,-18,68,33,6,1025,1020,1016,24,12,3,35,10,55,0.00,,,323
2016-2-8,12,2,-8,-11,-14,-17,63,31,5,1020,1015,1012,31,10,2,43,11,,0.00,,,353
2016-2-9,11,2,-6,-9,-12,-14,63,35,7,1024,1021,1019,21,12,3,14,6,,0.00,,,115
2016-2-10,9,1,-6,-6,-11,-13,68,43,13,1021,1018,1016,8,6,3,11,5,,0.00,,,51
2016-2-11,7,3,-1,3,-3,-8,85,63,42,1018,1017,1015,6,4,2,11,5,,0.00,6,中雨,347
2016-2-12,10,3,-3,6,0,-5,100,76,38,1019,1016,1014,7,4,0,26,6,,6.10,8,中雨,356
2016-2-13,4,-1,-5,3,-10,-22,93,50,10,1032,1026,1020,31,15,6,47,31,64,0.76,8,中雨-中雪,321
2016-2-14,0,-3,-7,-16,-19,-23,36,29,9,1034,1032,1030,31,31,31,43,32,58,0.00,,,315
2016-2-15,4,-2,-8,-15,-17,-19,53,30,8,1032,1026,1023,31,28,19,40,19,55,0.00,,,313
2016-2-16,9,3,-3,-11,-13,-17,38,27,9,1026,1023,1021,31,27,18,35,19,55,0.00,,,316
2016-2-17,10,2,-6,-7,-10,-15,80,41,10,1026,1022,1017,24,13,6,21,8,,0.00,,,225
2016-2-18,9,4,0,-10,-15,-19,48,21,5,1025,1021,1017,31,25,11,32,21,50,0.00,,,314
2016-2-19,7,2,-3,-9,-15,-22,55,28,5,1034,1029,1024,31,23,11,35,13,47,0.00,,,344
2016-2-20,4,-1,-5,-12,-19,-24,59,25,5,1034,1030,1026,31,26,11,35,16,55,0.00,,,316
2016-2-21,6,-2,-9,-6,-12,-16,73,45,15,1029,1026,1024,11,7,3,26,8,,0.00,,,122
2016-2-22,9,1,-6,-5,-12,-19,86,44,5,1036,1028,1024,31,9,3,35,11,55,0.00,,,331
2016-2-23,3,-2,-6,-12,-19,-23,54,25,5,1040,1038,1036,31,28,11,40,18,58,0.00,,,342
2016-2-24,7,-2,-11,-13,-17,-21,73,31,5,1039,1035,1031,31,19,6,32,10,55,0.00,,,320
2016-2-25,7,-1,-8,-13,-16,-19,63,29,7,1035,1032,1028,31,20,6,21,10,43,0.00,,,319
2016-2-26,8,1,-6,-6,-14,-20,54,26,8,1032,1026,1020,31,17,6,21,13,,0.00,,,259
2016-2-27,9,1,-6,-3,-10,-12,86,39,12,1027,1025,1023,31,18,8,21,13,35,0.00,,中雪,21
2016-2-28,7,0,-7,-3,-13,-22,86,43,5,1036,1030,1027,31,18,3,47,14,61,0.00,,中雪,355
2016-2-29,4,-1,-6,-11,-16,-20,47,29,10,1037,1033,1029,27,15,8,18,10,26,0.00,,,100
2016-3-1,11,2,-7,-6,-9,-12,80,44,12,1028,1024,1019,8,7,2,14,6,29,0.00,,,127
2016-3-2,20,8,-5,-4,-6,-8,86,44,8,1019,1016,1013,8,6,2,18,6,,0.00,,,87
2016-3-3,15,8,1,2,0,-5,81,58,32,1015,1013,1011,6,3,0,11,5,,0.00,,雾,106
2016-3-4,12,6,0,2,1,-4,93,71,20,1020,1018,1015,6,2,0,21,5,,0.00,8,,29
2016-3-5,12,7,0,0,-13,-17,60,21,5,1021,1020,1018,8,6,3,40,19,58,0.00,,,320
2016-3-6,11,4,-2,-5,-8,-11,69,41,13,1021,1017,1014,6,5,3,11,6,,0.00,,,42
2016-3-7,11,4,-2,-5,-14,-24,75,28,4,1028,1022,1017,31,11,3,40,13,61,0.00,,,332
2016-3-8,7,2,-2,-16,-21,-27,32,17,4,1033,1031,1028,31,30,26,26,16,32,0.00,,,21
2016-3-9,6,1,-4,-16,-21,-26,40,19,4,1036,1033,1030,31,30,27,29,18,43,0.00,,,339
2016-3-10,7,1,-4,-14,-19,-23,35,19,5,1034,1031,1026,31,26,14,35,19,64,0.00,,,317
2016-3-11,9,1,-7,-10,-17,-21,58,25,5,1028,1024,1020,31,18,6,18,10,35,0.00,,,322
2016-3-12,9,2,-4,-4,-8,-14,69,44,14,1021,1018,1015,8,7,2,14,6,,0.00,,,107
2016-3-13,13,4,-3,-7,-13,-18,69,26,4,1027,1024,1021,31,14,6,29,13,47,0.00,,,311
2016-3-14,16,6,-4,-3,-8,-14,86,38,4,1026,1022,1019,16,7,3,18,6,35,0.00,,,155
2016-3-15,13,8,3,-1,-5,-10,70,39,15,1020,1017,1015,8,5,2,18,8,32,0.00,,,149
2016-3-16,17,7,-3,3,1,-6,93,61,20,1019,1016,1014,26,3,2,14,5,,0.00,,,114
2016-3-17,18,9,1,4,2,-1,87,59,25,1016,1012,1008,4,3,2,11,6,,0.00,,,113
2016-3-18,22,12,3,4,-3,-9,87,41,5,1018,1012,1010,23,4,0,21,8,,0.00,,,18
2016-3-19,15,11,7,-1,-3,-6,53,36,14,1025,1022,1018,16,8,2,18,10,,0.00,,,169
2016-3-20,19,10,1,0,-4,-8,87,39,8,1028,1026,1023,13,9,6,14,6,26,0.00,,,141
2016-3-21,20,10,1,3,-2,-4,81,42,13,1025,1022,1018,8,7,3,18,6,32,0.00,,,169
2016-3-22,16,12,8,2,-1,-2,62,41,20,1028,1022,1018,10,7,3,21,6,35,0.00,,,121
2016-3-23,15,9,3,1,-12,-18,70,24,4,1034,1031,1028,31,20,6,21,11,,0.00,,,21
2016-3-24,15,7,-2,-7,-13,-17,55,22,4,1034,1032,1028,31,23,10,18,8,32,0.00,,,1
2016-3-25,15,7,-2,-5,-11,-13,69,26,6,1031,1028,1025,31,20,8,18,10,,0.00,,,345
2016-3-26,20,11,2,-8,-10,-13,48,21,4,1027,1024,1020,31,26,6,26,11,32,0.00,,,331
2016-3-27,22,13,5,-8,-12,-17,32,14,4,1022,1018,1014,31,19,6,21,14,40,0.00,,,277
2016-3-28,22,13,4,-2,-5,-8,57,26,6,1015,1011,1007,10,7,5,35,8,47,0.00,,,214
2016-3-29,24,14,5,-2,-5,-9,53,24,7,1019,1015,1012,31,23,10,32,14,50,0.00,,,294
2016-3-30,22,16,8,1,-7,-11,53,22,6,1020,1016,1012,31,22,8,21,11,40,0.00,,,88
2016-3-31,23,14,6,7,4,0,81,49,21,1013,1007,1003,10,5,2,26,8,,0.00,8,,140
2016-4-1,22,17,12,10,2,-6,77,36,9,1016,1008,1003,31,13,5,40,16,50,0.25,,,358
2016-4-2,19,14,11,1,-8,-18,44,21,4,1024,1020,1016,31,29,18,29,14,50,0.25,,中雨,357
2016-4-3,20,14,8,-2,-11,-18,43,17,4,1025,1021,1016,31,25,14,21,10,35,0.00,,,266
2016-4-4,22,13,5,6,1,-2,76,41,15,1016,1012,1008,13,9,5,26,10,32,0.00,,,187
2016-4-5,22,13,6,7,4,-6,93,48,15,1014,1012,1010,14,7,3,21,11,,0.00,,,122
2016-4-6,20,13,7,12,4,-6,82,51,21,1014,1009,1004,11,4,2,18,6,29,0.00,8,中雨,136
2016-4-7,24,17,9,9,-3,-19,93,34,4,1017,1011,1007,31,9,2,40,13,58,0.00,,,327
2016-4-8,24,17,9,0,-12,-23,36,13,4,1018,1013,1008,31,24,11,29,18,47,0.00,,,262
2016-4-9,26,16,5,5,-1,-11,81,37,9,1015,1010,1008,13,9,6,29,8,,0.00,,,144
2016-4-10,20,12,4,0,-6,-12,65,30,6,1023,1017,1016,16,11,6,26,8,,0.00,,,156
2016-4-11,15,9,4,2,-5,-9,52,34,12,1024,1018,1011,19,13,10,18,11,,0.00,,中雨,141
2016-4-12,18,12,5,8,6,0,87,69,32,1012,1008,1005,10,8,5,18,6,,1.02,3,中雨,116
2016-4-13,27,17,8,10,2,-11,100,50,4,1009,1004,1001,19,4,1,47,11,72,0.00,8,,329
2016-4-14,23,18,12,1,-4,-10,47,23,6,1017,1014,1010,31,21,13,29,16,32,0.00,,,76
2016-4-15,22,13,6,9,2,-2,81,42,19,1017,1012,1008,23,11,6,32,8,43,3.05,,中雨,170
2016-4-16,20,16,12,11,2,-7,94,45,10,1012,1009,1007,31,15,8,40,19,58,1.02,8,中雨,328
2016-4-17,20,16,12,0,-7,-13,41,20,4,1012,1011,1009,31,31,31,43,19,58,0.00,,,296
2016-4-18,21,14,8,0,-4,-12,54,27,4,1016,1013,1012,31,28,13,29,16,43,0.00,,,301
2016-4-19,15,11,8,6,3,-5,71,53,20,1019,1016,1014,13,8,6,14,10,,0.00,8,,112
2016-4-20,27,17,8,6,3,-4,76,40,6,1016,1012,1007,23,11,6,18,11,,0.00,,,348
2016-4-21,32,19,6,10,1,-15,93,40,4,1007,1003,998,16,5,2,47,11,61,0.00,,,317
2016-4-22,26,16,7,1,-9,-16,54,17,4,1012,1009,1007,26,19,14,40,11,61,0.00,,,342
2016-4-23,22,14,8,-3,-9,-14,37,16,4,1016,1014,1012,31,24,14,21,11,29,0.00,,,85
2016-4-24,25,15,5,13,3,-4,71,41,14,1015,1011,1006,11,8,6,21,10,40,0.00,,,163
2016-4-25,29,22,16,12,9,5,72,48,14,1017,1012,1008,14,9,5,29,14,47,0.00,,,150
2016-4-26,23,18,13,7,4,2,67,40,21,1018,1016,1013,10,9,8,21,10,,0.00,,,143
2016-4-27,19,14,10,11,8,4,88,63,36,1016,1014,1012,8,7,3,18,6,32,0.00,8,,313
2016-4-28,26,17,9,11,7,3,94,53,20,1017,1014,1011,18,7,2,26,11,35,0.00,1,中雨,105
2016-4-29,26,19,12,15,9,3,88,54,31,1013,1008,1001,18,5,2,26,8,,0.00,2,中雨-雷暴,132
2016-4-30,31,21,11,16,13,11,100,61,21,1004,1002,999,8,5,2,21,10,,0.00,,,97
2016-5-1,31,23,15,18,16,12,94,61,25,1002,1000,997,13,4,2,11,6,,0.00,1,,104
2016-5-2,24,17,11,17,9,4,94,68,25,1011,1008,1003,16,9,4,35,19,,5.08,7,中雨,349
2016-5-3,28,17,7,8,-2,-11,100,35,4,1006,1001,998,31,19,6,47,16,64,0.00,,,320
2016-5-4,28,18,8,5,1,-6,81,32,5,1007,1005,1003,31,19,10,18,6,,0.00,8,,112
2016-5-5,25,20,15,11,4,-13,77,36,4,1009,1005,1002,26,13,3,32,8,50,0.00,8,,121
2016-5-6,26,20,15,0,-4,-9,30,18,5,1015,1011,1009,31,15,2,47,29,64,0.00,,,327
2016-5-7,27,19,11,1,-4,-9,41,19,4,1019,1017,1015,31,26,16,21,11,26,0.00,,,221
2016-5-8,27,18,9,10,7,1,76,42,19,1016,1012,1009,19,13,6,26,11,40,0.00,,,171
2016-5-9,25,19,13,13,10,8,82,61,33,1013,1012,1011,27,14,10,29,8,,0.00,8,中雨,24
2016-5-10,28,19,10,11,8,4,94,51,14,1012,1009,1006,26,14,6,18,10,35,0.00,,,300
2016-5-11,27,22,18,18,14,12,78,59,40,1006,1001,996,8,5,3,21,11,40,3.05,4,中雨-雷暴,161
2016-5-12,22,16,10,18,6,-5,94,54,9,1019,1010,997,31,13,2,47,18,64,5.08,5,中雨-雷暴,330
2016-5-13,25,16,6,8,4,0,100,48,13,1023,1020,1018,26,16,6,29,8,,0.00,,,173
2016-5-14,19,16,12,12,11,5,94,85,42,1019,1017,1014,16,7,2,26,10,,4.06,4,中雨,165
2016-5-15,25,18,11,13,3,-8,100,51,5,1015,1013,1010,31,8,0,32,10,55,0.00,,雾,339
2016-5-16,32,19,7,7,4,-2,93,38,6,1011,1008,1004,31,21,10,32,10,32,0.00,,,222
2016-5-17,32,21,11,12,9,5,94,45,12,1011,1009,1007,18,12,6,21,8,,0.00,,,165
2016-5-18,30,23,16,14,12,11,88,49,22,1014,1012,1011,19,13,8,21,11,40,0.00,,,167
2016-5-19,30,23,16,14,11,7,77,44,16,1015,1014,1012,13,10,6,21,10,47,0.00,,,157
2016-5-20,29,22,15,13,10,6,77,47,15,1018,1016,1014,16,7,5,18,8,,0.00,,,126
2016-5-21,29,21,13,13,9,2,88,45,11,1020,1019,1017,29,12,5,18,6,,0.00,,,117
2016-5-22,30,22,15,11,8,4,77,40,12,1020,1017,1013,19,13,6,14,6,,0.00,,,114
2016-5-23,25,20,15,15,11,8,83,54,25,1014,1010,1007,31,9,6,32,10,,0.25,8,中雨,97
2016-5-24,29,19,10,11,7,2,94,44,12,1007,1003,998,31,21,6,40,13,58,0.25,,中雨,257
2016-5-25,28,21,15,13,7,3,82,42,13,1008,1006,1004,31,24,10,26,14,43,0.00,8,中雨,298
2016-5-26,31,22,14,11,4,0,82,30,8,1011,1009,1007,31,22,13,43,14,64,0.00,,,304
2016-5-27,30,22,14,12,8,3,77,39,18,1012,1009,1007,19,12,6,29,10,50,0.00,,,174
2016-5-28,31,22,13,13,10,7,82,43,17,1008,1006,1002,23,15,10,21,8,35,0.00,,,188
2016-5-29,31,23,16,14,4,-4,88,33,5,1010,1006,1004,31,18,5,26,10,35,0.00,,,74
2016-5-30,34,24,16,19,13,9,68,45,24,1005,1003,1000,11,8,6,14,8,29,0.00,,,131
2016-5-31,26,24,21,18,9,2,69,38,13,1012,1009,1002,29,13,6,26,10,47,0.00,8,,134
2016-6-1,30,24,18,11,7,3,56,34,12,1014,1012,1010,27,17,10,18,6,29,0.00,,,136
2016-6-2,33,23,13,11,7,4,72,34,10,1012,1009,1006,19,13,5,21,8,40,0.00,,,170
2016-6-3,29,23,17,14,11,8,59,43,20,1007,1006,1004,10,8,6,14,6,,0.00,,,130
2016-6-4,31,26,20,14,13,10,68,45,18,1009,1006,1004,10,8,5,18,8,,0.00,,,144
2016-6-5,31,23,17,16,14,12,83,55,24,1011,1010,1007,14,9,6,21,8,,0.00,,,122
2016-6-6,30,24,18,19,16,14,100,64,28,1012,1009,1006,10,6,3,21,6,35,3.05,3,中雨-雷暴,109
2016-6-7,27,22,18,19,17,15,100,75,44,1013,1011,1008,11,6,2,14,8,35,10.92,2,中雨-雷暴,171
2016-6-8,31,24,18,20,18,16,100,70,40,1010,1008,1005,7,4,0,18,8,,0.00,8,雾,148
2016-6-9,34,27,19,20,16,10,94,57,16,1008,1005,1001,10,5,2,32,11,,7.87,4,中雨-雷暴,151
2016-6-10,31,25,19,22,17,8,100,66,21,1006,1003,1000,31,7,2,35,11,55,3.05,1,中雨-雷暴,4
2016-6-11,31,25,19,16,11,7,65,37,17,1009,1007,1006,31,28,16,26,14,,0.00,,,334
2016-6-12,31,24,18,19,16,12,94,59,22,1009,1006,1003,26,8,3,18,10,32,0.00,1,中雨,139
2016-6-13,24,22,19,19,18,14,100,87,55,1005,1003,1001,18,8,3,21,10,35,7.87,2,中雨-雷暴,16
2016-6-14,21,19,18,18,16,14,94,81,56,1003,1000,998,27,9,2,18,10,,2.03,6,中雨,16
2016-6-15,31,23,15,16,14,11,94,57,23,1003,1002,1000,31,19,10,18,8,61,0.00,2,中雨-雷暴,31
2016-6-16,35,26,17,17,14,9,94,49,13,1002,998,994,31,17,11,21,8,32,0.00,,,314
2016-6-17,32,26,20,17,14,11,83,53,18,1002,998,994,31,15,10,18,8,,0.00,1,中雨-雷暴,16
2016-6-18,33,26,18,18,16,14,88,55,27,1006,1004,1002,18,13,8,21,8,,0.00,,,163
2016-6-19,36,27,19,19,16,11,88,49,18,1007,1004,1002,23,9,3,21,8,26,1.02,,,170
2016-6-20,33,28,23,22,19,18,89,63,32,1004,1002,1000,11,7,2,21,10,,0.51,1,中雨-雷暴,117
2016-6-21,35,28,22,23,21,14,94,68,25,1003,1001,998,10,5,2,58,8,84,0.00,2,中雨-雷暴,101
2016-6-22,33,27,21,25,20,17,89,65,35,1004,1002,999,11,7,6,18,8,,0.00,1,中雨-雷暴,139
2016-6-23,31,26,20,23,20,14,94,68,39,1005,1003,1001,19,7,3,26,6,50,0.00,2,中雨-雷暴,101
2016-6-24,34,26,17,18,11,2,100,44,8,1007,1005,1003,31,23,8,26,8,35,0.00,,中雨,359
2016-6-25,37,27,17,15,9,5,68,31,7,1009,1006,1004,31,26,13,18,13,32,0.00,,,19
2016-6-26,37,28,20,18,12,6,83,39,9,1007,1005,1002,18,13,10,32,8,32,0.00,,,144
2016-6-27,30,26,20,19,15,11,88,53,26,1005,1003,1002,13,10,6,21,10,,1.02,3,中雨-雷暴,130
2016-6-28,22,21,19,20,19,17,94,87,72,1007,1006,1004,16,5,0,21,8,,22.10,5,中雨-雷暴,123
2016-6-29,29,24,20,21,20,18,96,78,55,1005,1004,1003,8,4,0,18,5,29,0.00,6,雾-雷暴,94
2016-6-30,33,27,20,23,18,12,88,64,28,1005,1003,1001,14,8,0,18,8,35,2.03,1,中雨-雷暴,60
2016-7-1,33,27,20,19,14,11,69,43,24,1005,1003,1001,31,22,2,21,10,,0.00,1,,47
2016-7-2,34,27,20,20,17,13,94,57,26,1006,1004,1003,27,7,3,21,8,29,0.00,,,139
2016-7-3,32,27,22,22,19,17,83,59,35,1007,1006,1004,8,6,2,21,8,,1.02,8,中雨,130
2016-7-4,32,28,24,22,20,16,89,63,41,1009,1007,1006,8,5,0,18,8,,0.00,,,127
2016-7-5,33,27,22,21,18,14,88,58,35,1012,1010,1008,8,5,2,18,6,29,0.00,,,141
2016-7-6,34,28,22,19,17,14,83,52,24,1013,1011,1009,18,8,5,18,8,,0.00,,,145
2016-7-7,34,28,23,21,19,17,83,59,32,1013,1011,1008,8,5,2,21,8,,0.00,2,,133
2016-7-8,33,28,24,23,21,19,83,67,36,1010,1008,1005,13,6,3,14,8,,0.00,1,,130
2016-7-9,36,30,25,24,22,20,89,64,34,1007,1004,1002,8,6,3,21,8,,0.00,,,150
2016-7-10,37,31,25,24,22,19,89,58,30,1004,1002,1000,14,7,2,21,10,32,0.00,,,161
2016-7-11,36,31,26,23,21,19,78,55,33,1002,999,997,10,6,3,26,13,43,0.00,,,167
2016-7-12,31,27,24,23,21,19,89,68,48,1003,1000,997,31,12,5,21,11,29,0.51,6,中雨,36
2016-7-13,37,29,22,21,18,14,94,51,18,1005,1004,1002,31,20,10,18,8,,0.00,1,,76
2016-7-14,33,27,22,22,17,14,94,54,24,1007,1006,1004,21,10,4,21,8,40,4.06,1,中雨,123
2016-7-15,23,22,21,21,19,17,94,84,68,1006,1004,1003,11,8,5,14,8,,5.08,6,中雨,13
2016-7-16,27,23,21,19,17,15,88,67,39,1005,1003,1002,13,10,8,14,8,,0.00,8,中雨,3
2016-7-17,31,26,22,21,19,17,88,66,38,1008,1006,1005,10,7,3,11,5,,0.00,,,103
2016-7-18,30,27,23,24,21,19,94,77,54,1008,1007,1006,10,6,2,14,6,,2.03,4,中雨,123
2016-7-19,25,24,23,24,22,20,95,87,74,1008,1007,1006,7,3,2,18,5,,10.92,8,中雨,38
2016-7-20,24,22,21,22,21,19,97,92,73,1007,1002,998,10,5,2,29,14,55,125.98,8,中雨,39
2016-7-21,27,24,22,24,23,21,100,92,79,1001,1000,999,26,9,2,14,8,,11.94,4,中雨,28
2016-7-22,31,27,24,25,24,23,100,82,62,1002,1001,999,10,5,0,18,5,,0.00,4,雾,147
2016-7-23,33,28,23,28,25,21,94,83,56,1004,1001,999,11,4,2,43,6,61,0.00,2,中雨-雷暴,113
2016-7-24,34,29,24,27,24,23,100,79,56,1005,1004,1003,10,8,3,21,6,,1.02,5,中雨,124
2016-7-25,32,28,24,26,24,19,100,82,54,1004,1002,1000,29,8,2,18,8,35,11.94,6,中雨-雷暴,64
2016-7-26,34,28,23,24,19,16,89,58,34,1005,1003,1002,31,19,6,18,10,,0.00,,,72
2016-7-27,35,29,23,26,23,19,94,73,49,1004,1002,999,10,7,3,50,6,,7.11,3,中雨-雷暴,90
2016-7-28,33,27,22,26,22,20,94,73,53,1003,1001,1000,11,7,3,14,8,,0.00,1,,136
2016-7-29,33,29,25,26,25,23,100,79,54,1007,1004,1001,8,5,2,14,5,,0.00,3,,103
2016-7-30,32,28,24,27,24,21,94,85,64,1010,1008,1005,14,4,0,18,8,29,0.00,5,中雨-雷暴,108
2016-7-31,28,25,22,24,23,21,94,85,63,1011,1009,1007,10,7,3,18,6,,0.00,4,中雨-雷暴,64
2016-8-1,32,28,25,25,24,23,94,78,54,1010,1009,1007,8,7,2,14,6,,0.00,8,中雨,71
2016-8-2,34,29,24,24,22,20,94,68,42,1011,1009,1007,19,8,2,14,6,,0.00,,,107
2016-8-3,36,30,24,25,23,21,100,69,35,1010,1009,1008,11,5,2,11,6,,0.00,,,113
2016-8-4,34,30,26,25,24,23,94,73,54,1011,1009,1008,8,5,2,14,8,,0.00,,,137
2016-8-5,33,29,25,25,24,22,94,74,44,1011,1009,1007,11,6,3,14,8,,0.00,3,,131
2016-8-6,33,29,25,26,24,21,100,78,58,1008,1006,1003,10,5,2,18,6,35,0.00,2,雷暴,140
2016-8-7,32,27,23,23,22,20,100,74,44,1010,1007,1005,31,12,5,18,10,,3.05,3,中雨-雷暴,75
2016-8-8,33,28,23,23,20,17,100,65,32,1011,1009,1008,31,11,3,18,8,,0.00,,,108
2016-8-9,32,26,20,24,21,17,94,68,37,1010,1008,1006,16,8,2,21,6,,0.00,1,,127
2016-8-10,34,30,26,26,24,23,94,74,50,1008,1006,1005,10,6,2,18,10,,0.00,4,,169
2016-8-11,35,31,27,27,26,25,89,74,53,1007,1006,1005,8,6,3,18,10,,0.00,,中雨,154
2016-8-12,33,29,25,27,25,22,95,83,60,1006,1005,1004,14,5,2,26,8,,49.02,2,中雨-雷暴,80
2016-8-13,32,28,23,24,21,14,94,69,34,1006,1005,1004,29,16,5,26,8,43,0.00,,中雨,351
2016-8-14,34,27,21,24,19,14,88,59,30,1007,1006,1005,31,24,6,18,10,,0.00,,,40
2016-8-15,28,24,21,24,19,16,88,68,44,1010,1008,1006,31,13,5,18,8,35,5.08,3,中雨,252
2016-8-16,32,26,19,21,19,18,94,68,40,1007,1005,1003,19,14,8,14,6,,0.00,,,84
2016-8-17,28,26,23,24,22,21,94,83,59,1005,1004,1003,11,6,2,11,5,21,0.00,8,中雨,48
2016-8-18,25,23,22,23,22,22,100,94,85,1003,1002,1000,7,3,0,14,6,,13.97,8,中雨,18
2016-8-19,33,28,23,23,21,19,94,66,36,1009,1005,1002,31,20,6,21,11,,0.00,,,36
2016-8-20,32,27,22,23,21,17,100,72,40,1010,1008,1006,10,7,3,11,5,,0.00,,,118
2016-8-21,34,28,22,24,22,21,94,70,43,1011,1009,1008,18,8,3,14,6,,0.00,,,120
2016-8-22,34,29,24,23,21,16,94,63,36,1013,1011,1009,29,9,4,18,8,,0.00,8,,145
2016-8-23,30,27,24,23,21,18,89,68,43,1009,1007,1004,13,7,4,11,8,,0.25,,中雨,126
2016-8-24,32,27,23,24,22,21,94,73,54,1006,1004,1002,8,6,3,14,6,32,0.00,,,74
2016-8-25,30,24,18,24,13,7,89,47,16,1016,1011,1004,31,17,3,32,13,50,0.00,8,中雨,10
2016-8-26,31,23,15,14,9,6,82,44,14,1018,1016,1014,31,26,13,18,10,32,0.00,,,348
2016-8-27,33,24,16,15,11,3,82,47,12,1015,1012,1009,31,15,3,32,10,35,0.00,1,中雨,331
2016-8-28,33,24,16,14,11,6,82,43,11,1014,1012,1010,31,25,14,18,10,29,0.00,,,353
2016-8-29,31,23,16,17,12,8,88,49,17,1013,1012,1010,31,20,11,18,8,,0.00,,,67
2016-8-30,33,26,18,18,15,11,94,56,21,1011,1006,1001,23,14,8,18,6,,0.00,1,中雨,9
2016-8-31,36,26,17,18,7,-4,88,37,5,1001,997,993,31,23,6,40,14,58,0.00,,,339
2016-9-1,27,23,19,15,7,-2,78,35,12,1000,996,994,31,28,19,35,14,43,0.00,,,360
2016-9-2,30,25,20,18,14,12,83,57,26,1006,1002,1000,31,19,10,18,6,29,0.00,,中雨,21
2016-9-3,31,24,19,19,17,14,94,62,33,1009,1007,1005,31,19,10,14,6,35,0.00,,中雨,66
2016-9-4,30,25,20,21,19,16,88,69,37,1011,1009,1008,27,6,2,18,10,,0.00,,,127
2016-9-5,32,24,17,18,15,11,94,59,19,1012,1010,1008,31,16,8,21,10,40,0.00,,,329
2016-9-6,32,24,18,19,14,8,94,53,17,1010,1008,1006,31,19,5,26,8,32,0.25,,,327
2016-9-7,30,24,19,18,16,14,88,60,32,1008,1006,1004,24,11,6,26,8,32,8.89,2,中雨-雷暴,140
2016-9-8,33,24,16,17,13,5,94,55,17,1008,1006,1005,31,18,10,18,10,40,0.00,,,308
2016-9-9,32,23,16,16,13,8,88,54,15,1009,1008,1007,31,20,8,14,8,32,0.00,,,360
2016-9-10,31,23,16,18,13,9,82,50,20,1011,1010,1008,31,23,8,18,10,,3.05,,中雨,41
2016-9-11,25,20,16,20,17,15,100,77,46,1017,1014,1010,21,9,2,21,10,40,0.00,3,中雨-雷暴,74
2016-9-12,28,22,17,18,16,14,94,69,40,1018,1017,1015,11,10,6,18,6,,0.00,1,中雨-雷暴,55
2016-9-13,27,22,18,19,18,17,100,79,45,1019,1017,1016,8,5,2,11,5,,0.00,2,,114
2016-9-14,30,24,18,20,19,16,100,78,38,1018,1016,1014,10,5,2,32,6,50,0.00,4,中雨-雷暴,110
2016-9-15,30,24,18,21,19,15,100,73,33,1016,1014,1012,10,6,2,14,6,,0.00,,,71
2016-9-16,30,25,19,23,20,13,100,77,39,1015,1012,1010,18,4,2,26,5,55,0.00,5,中雨-雷暴,78
2016-9-17,23,20,18,19,17,14,94,76,50,1020,1018,1015,21,9,3,21,5,,9.91,5,中雨-雷暴,15
2016-9-18,23,19,15,17,16,13,94,82,54,1022,1020,1019,23,12,3,18,6,,0.00,5,中雨,9
2016-9-19,26,19,12,13,10,7,94,60,21,1024,1021,1019,31,26,10,21,11,29,0.00,,,346
2016-9-20,27,19,11,14,11,6,94,62,17,1022,1020,1018,31,21,6,18,8,,0.00,,,45
2016-9-21,23,19,14,15,13,11,94,73,33,1021,1019,1017,11,8,6,11,5,,0.00,,中雨,47
2016-9-22,25,20,15,18,16,14,100,77,42,1018,1015,1012,8,6,3,11,5,,5.08,1,中雨-雷暴,13
2016-9-23,26,21,16,19,17,16,100,81,49,1013,1012,1009,6,3,0,14,6,,0.00,5,雾-中雨-雷暴,84
2016-9-24,27,22,17,20,18,15,100,76,49,1013,1010,1008,10,5,2,18,8,,4.06,2,中雨-雷暴,80
2016-9-25,27,23,19,20,18,17,94,77,51,1016,1014,1011,6,3,2,14,6,,0.00,,中雨,67
2016-9-26,22,20,18,19,18,17,100,91,76,1015,1014,1012,8,5,2,18,6,35,24.89,7,中雨-雷暴,6
2016-9-27,22,17,12,18,6,0,100,48,18,1027,1021,1014,31,13,0,43,19,61,0.00,,雾,347
2016-9-28,21,14,8,8,2,-1,93,48,15,1029,1026,1022,31,26,10,18,8,29,0.00,,,31
2016-9-29,22,13,6,11,7,2,100,64,20,1023,1020,1016,14,8,5,18,6,,0.00,,,112
2016-9-30,24,17,11,13,10,7,94,65,25,1017,1015,1013,8,7,3,11,5,26,0.00,,,33
2016-10-1,24,18,13,15,12,7,94,69,24,1016,1014,1013,7,5,2,11,6,,0.00,,,93
2016-10-2,25,19,13,18,14,11,100,72,39,1016,1013,1009,5,4,2,18,5,,0.00,,中雨,77
2016-10-3,29,23,17,19,17,13,100,74,32,1015,1011,1009,8,5,2,21,8,,0.00,,,102
2016-10-4,20,17,14,14,12,9,94,76,54,1017,1015,1012,19,9,2,29,13,40,6.10,8,中雨,81
2016-10-5,21,17,12,14,13,11,100,83,49,1022,1019,1016,8,6,2,18,6,,0.00,6,,138
2016-10-6,18,15,12,14,13,11,100,86,65,1027,1025,1022,10,7,0,14,6,,11.94,8,中雨,99
2016-10-7,15,13,12,13,12,2,100,90,34,1024,1019,1016,31,5,2,26,10,43,9.91,7,中雨,127
2016-10-8,18,11,5,5,-1,-6,93,44,14,1025,1022,1019,31,26,8,35,21,55,0.00,,,334
2016-10-9,18,11,4,6,3,-2,100,69,25,1025,1023,1020,19,11,6,21,5,,0.00,,,111
2016-10-10,18,11,5,10,7,4,100,78,38,1021,1018,1015,8,5,2,11,5,,0.00,,,55
2016-10-11,19,13,7,11,9,6,94,76,46,1026,1022,1018,8,4,2,18,10,,0.00,,,103
2016-10-12,18,15,12,12,10,7,94,74,50,1027,1024,1021,8,7,2,14,3,,0.00,,中雨,105
2016-10-13,21,14,9,14,12,9,100,83,50,1021,1019,1017,6,3,0,6,5,,0.00,,雾,105
2016-10-14,22,17,12,15,13,11,100,88,49,1023,1021,1019,5,2,0,11,5,,0.00,,雾,66
2016-10-15,17,13,9,14,12,8,100,88,65,1024,1022,1021,3,2,1,11,3,,0.25,8,中雨,86
2016-10-16,19,16,11,14,13,11,100,85,54,1022,1018,1015,6,3,1,14,6,,0.00,,中雨,138
2016-10-17,22,15,8,13,8,3,100,69,21,1023,1021,1019,18,4,0,21,8,,0.00,,雾,69
2016-10-18,18,16,14,14,13,12,94,84,70,1022,1020,1018,8,4,2,11,5,,0.00,8,,109
2016-10-19,20,17,13,16,14,13,100,89,73,1019,1016,1015,3,2,0,11,5,,0.00,8,雾,122
2016-10-20,17,13,10,15,9,4,100,73,37,1024,1022,1019,19,6,0,26,10,35,4.06,4,雾-中雨,117
2016-10-21,12,11,10,10,9,7,100,88,67,1022,1019,1017,10,5,2,14,8,32,6.10,7,中雨,348
2016-10-22,15,11,8,10,6,2,94,65,36,1025,1023,1019,31,23,11,18,11,,0.00,,,40
2016-10-23,16,10,5,8,3,-2,93,64,18,1025,1023,1020,26,15,6,14,5,21,0.00,,,25
2016-10-24,12,8,5,8,6,4,100,85,65,1021,1017,1014,8,6,2,6,5,,0.00,8,中雨,89
2016-10-25,18,11,5,10,7,4,100,82,48,1018,1014,1012,8,5,0,14,5,,0.00,,雾,119
2016-10-26,18,13,8,9,2,-8,100,53,17,1029,1024,1018,31,9,2,21,11,29,0.00,,,72
2016-10-27,10,9,7,8,4,2,100,74,43,1029,1027,1025,27,9,3,18,8,,11.94,8,中雨,25
2016-10-28,13,8,3,7,-4,-13,100,47,10,1033,1030,1026,31,27,11,35,14,55,0.00,,,340
2016-10-29,13,6,-2,0,-3,-8,100,60,15,1034,1031,1026,26,16,8,26,6,,0.00,,,153
2016-10-30,12,6,1,1,-3,-16,87,54,9,1035,1027,1023,31,11,3,35,10,47,0.00,8,,2
2016-10-31,7,2,-3,-10,-17,-22,47,22,6,1041,1037,1035,31,27,10,32,19,50,0.00,,,326
2016-11-1,8,1,-6,-3,-8,-13,93,55,19,1037,1034,1030,11,9,5,14,6,35,0.00,,,229
2016-11-2,13,4,-3,0,-3,-5,93,62,25,1030,1026,1023,8,7,3,18,6,32,0.00,,,184
2016-11-3,12,4,-2,5,1,-3,100,81,51,1024,1018,1014,8,4,0,11,5,29,0.00,,雾,111
2016-11-4,12,6,-1,6,3,-1,100,91,63,1014,1009,1006,2,1,0,14,5,,0.00,,雾,110
2016-11-5,18,11,5,8,6,1,100,81,40,1026,1015,1008,7,2,0,26,8,,0.00,8,雾-中雨,103
2016-11-6,10,7,4,1,-2,-6,81,52,23,1030,1027,1025,10,8,3,18,8,,0.00,8,,165
2016-11-7,13,8,4,3,-4,-10,87,48,15,1034,1030,1026,31,13,3,35,16,61,0.00,,中雨,340
2016-11-8,11,4,-3,-1,-4,-8,93,58,17,1036,1034,1032,26,10,5,14,5,35,0.00,,,156
2016-11-9,7,2,-2,2,-1,-4,93,78,55,1034,1029,1023,7,4,2,14,5,,0.00,8,,82
2016-11-10,11,6,0,3,1,-9,93,67,27,1022,1015,1011,8,4,2,29,8,43,0.51,8,中雨,164
2016-11-11,10,4,-1,2,-1,-4,100,72,36,1017,1014,1012,7,3,0,11,5,,0.00,,雾,29
2016-11-12,13,7,0,5,0,-2,87,64,37,1022,1020,1018,8,7,3,14,8,,0.00,,,110
2016-11-13,9,8,5,6,4,3,93,77,65,1021,1017,1014,10,4,2,6,5,,0.00,5,,118
2016-11-14,14,8,2,5,-9,-18,100,36,4,1028,1022,1016,31,9,2,35,13,47,0.00,,,353
2016-11-15,11,3,-3,1,-6,-14,81,52,8,1029,1026,1022,18,8,6,14,5,,0.00,,,83
2016-11-16,12,6,0,2,-1,-3,100,71,26,1024,1021,1019,8,6,2,18,6,,0.00,,,14
2016-11-17,7,3,1,2,0,-2,100,67,44,1026,1023,1020,8,5,2,6,5,,0.00,8,,138
2016-11-18,8,7,6,7,4,1,100,83,54,1020,1015,1013,5,2,0,6,5,,0.25,8,雾-中雨,34
2016-11-19,16,10,4,7,2,-7,100,66,10,1025,1018,1013,18,4,0,18,8,,0.00,5,雾,65
2016-11-20,6,3,1,4,1,-2,93,82,62,1027,1025,1024,8,6,2,21,13,,4.06,7,中雨-中雪,78
2016-11-21,1,-2,-4,-1,-9,-20,89,58,17,1039,1032,1025,31,11,2,43,24,64,3.05,8,中雨-中雪,2
2016-11-22,0,-3,-7,-15,-18,-22,40,29,12,1041,1039,1036,31,30,23,40,29,61,0.00,,,316
2016-11-23,3,-3,-9,-11,-16,-21,68,33,16,1039,1035,1032,31,16,3,32,14,50,0.00,,,315
2016-11-24,4,-3,-9,-7,-11,-14,80,51,19,1034,1029,1026,10,5,2,14,6,,0.00,,,98
2016-11-25,5,-1,-7,-3,-8,-11,86,62,24,1027,1025,1023,8,5,2,14,5,,0.00,,,15
2016-11-26,10,2,-5,-2,-5,-13,100,67,19,1023,1021,1018,8,3,0,18,6,35,0.00,,,234
2016-11-27,8,1,-5,-3,-12,-18,93,44,8,1034,1028,1020,31,9,0,35,10,47,0.00,,,355
2016-11-28,8,1,-7,-6,-9,-12,86,54,13,1034,1032,1030,10,6,2,11,5,,0.00,,,20
2016-11-29,4,-1,-6,-2,-4,-8,93,66,38,1036,1034,1029,8,6,2,14,6,,0.00,7,,84
2016-11-30,11,3,-4,-1,-4,-10,100,57,15,1029,1025,1020,31,6,2,35,8,55,0.00,8,,315
2016-12-1,10,3,-4,-6,-10,-15,80,40,8,1034,1032,1028,31,18,3,26,8,40,0.00,,,358
2016-12-2,10,2,-6,-4,-7,-10,86,58,24,1033,1029,1026,8,6,2,11,5,,0.00,,,1
2016-12-3,8,1,-5,1,-3,-6,93,75,33,1025,1021,1018,6,4,0,6,3,,0.00,,,53
2016-12-4,10,3,-3,1,-3,-6,100,71,24,1021,1017,1015,8,3,0,14,6,,0.00,,雾,349
2016-12-5,7,1,-5,-1,-11,-21,93,47,5,1032,1028,1020,31,8,2,50,13,76,0.00,,,331
2016-12-6,6,-2,-9,-7,-11,-14,74,51,14,1030,1023,1018,7,5,2,11,3,21,0.00,,,74
2016-12-7,8,1,-6,-3,-6,-11,80,58,26,1027,1023,1020,8,5,2,14,8,,0.00,,,117
2016-12-8,9,2,-4,-1,-9,-16,93,50,8,1026,1019,1015,31,6,0,47,13,64,0.00,,,1
2016-12-9,6,0,-6,-8,-12,-17,80,40,12,1031,1029,1026,31,18,6,18,10,58,0.00,,,358
2016-12-10,6,-1,-8,-8,-12,-17,80,51,13,1031,1029,1027,23,8,3,18,6,,0.00,,,356
2016-12-11,4,-2,-7,-3,-7,-12,80,65,40,1029,1025,1021,6,4,2,11,5,,0.00,,,83
2016-12-12,7,2,-3,-2,-4,-5,93,65,38,1030,1025,1022,4,3,2,18,6,,0.00,8,,14
2016-12-13,5,1,-3,-3,-13,-18,93,35,13,1035,1031,1029,31,11,2,18,10,32,0.00,8,,22
2016-12-14,4,-2,-7,-11,-17,-19,59,30,10,1037,1033,1030,31,23,6,21,11,35,0.00,,,10
2016-12-15,5,-2,-9,-10,-14,-20,79,39,9,1035,1033,1030,31,13,3,40,13,61,0.00,,,327
2016-12-16,7,-1,-9,-7,-11,-13,80,54,21,1032,1026,1022,8,4,2,6,3,,0.00,,,54
2016-12-17,5,-1,-7,-3,-7,-10,93,66,35,1025,1023,1021,8,3,0,11,5,,0.00,,,5
2016-12-18,8,0,-7,-3,-7,-8,93,68,32,1026,1024,1022,6,3,0,14,6,,0.00,,雾,354
2016-12-19,9,1,-6,-3,-6,-8,100,68,29,1028,1025,1023,8,4,0,6,5,,0.00,,雾,7
2016-12-20,0,-2,-5,-2,-3,-5,100,93,75,1031,1029,1028,1,1,0,11,5,,0.00,6,雾-中雪,122
2016-12-21,4,0,-3,-1,-2,-3,100,83,57,1030,1026,1023,1,1,0,6,5,,0.00,,雾,51
2016-12-22,6,1,-4,-2,-11,-14,93,40,14,1028,1024,1021,31,12,0,32,16,50,0.00,,,333
2016-12-23,4,-2,-7,-10,-13,-16,68,41,16,1033,1030,1028,31,21,5,18,10,,0.00,,,43
2016-12-24,4,-2,-8,-8,-9,-12,86,62,27,1032,1031,1028,8,7,2,11,5,,0.00,,,45
2016-12-25,1,-3,-7,-4,-7,-9,86,72,47,1030,1029,1027,6,5,2,11,3,,0.00,8,,14
2016-12-26,4,-1,-5,-5,-13,-20,75,38,12,1034,1031,1029,31,8,2,18,10,,0.00,8,,19
2016-12-27,3,-3,-9,-7,-15,-19,74,39,12,1038,1035,1032,27,16,2,18,10,,0.00,,,346
2016-12-28,3,-2,-6,-5,-14,-20,86,47,9,1038,1033,1030,31,9,0,35,11,47,0.00,,,318
2016-12-29,2,-4,-9,-8,-16,-19,74,36,13,1038,1035,1032,31,9,0,21,10,35,0.00,,,276
2016-12-30,1,-6,-12,-7,-11,-14,86,68,37,1033,1029,1027,8,5,0,11,5,,0.00,,,66
2016-12-31,3,-3,-9,-5,-9,-12,93,73,33,1029,1027,1026,5,3,0,6,3,,0.00,,雾,25
2017-1-1,0,-3,-7,-4,-6,-8,100,89,64,1027,1025,1023,1,1,0,11,5,,0.00,7,雾-中雪,118
2017-1-2,9,0,-9,-3,-8,-13,93,64,20,1028,1025,1024,8,3,0,18,8,,0.00,,雾,10
2017-1-3,9,0,-9,-3,-7,-10,93,72,27,1025,1023,1020,6,3,0,14,3,,0.00,,雾,54
2017-1-4,6,-2,-9,-1,-5,-10,100,81,49,1029,1026,1025,4,2,0,11,5,,0.00,,雾,125
2017-1-5,4,0,-4,-1,-3,-7,100,78,41,1033,1031,1029,5,2,0,14,8,,0.00,8,雾-中雪,354
2017-1-6,6,0,-6,-2,-4,-7,93,75,38,1030,1027,1025,4,2,2,6,3,,0.00,,,37
2017-1-7,4,1,-1,1,-2,-4,100,84,44,1025,1024,1023,3,2,0,11,5,,0.25,8,中雨-中雪,60
2017-1-8,7,3,-1,0,-9,-13,93,43,21,1025,1022,1019,31,11,0,40,18,47,0.00,,雾,312
2017-1-9,5,1,-4,-7,-12,-15,74,38,14,1029,1026,1023,31,20,2,32,19,50,0.00,,,297
2017-1-10,4,-1,-8,-9,-17,-20,64,28,6,1032,1029,1025,31,22,6,32,18,55,0.00,,,319
2017-1-11,7,-2,-11,-10,-13,-16,79,43,14,1029,1025,1022,6,4,2,35,6,55,0.00,,,328
2017-1-12,7,-1,-9,-9,-12,-15,79,41,13,1024,1021,1017,26,9,3,29,11,50,0.00,,,326
2017-1-13,3,-1,-4,-15,-21,-27,36,20,5,1030,1025,1021,31,30,29,43,27,61,0.00,,,328
2017-1-14,3,-3,-9,-7,-19,-24,80,31,4,1037,1033,1030,31,25,14,18,10,,0.00,,,68
2017-1-15,0,-3,-7,-7,-8,-10,86,70,41,1037,1033,1030,16,10,3,14,6,32,0.00,4,中雪,111
2017-1-16,0,-2,-3,-5,-7,-8,80,69,44,1034,1032,1031,8,5,3,6,5,,0.00,7,中雪,79
2017-1-17,3,-2,-7,-5,-7,-10,86,66,38,1034,1031,1028,6,4,2,11,5,,0.00,8,,22
2017-1-18,2,-3,-8,-9,-15,-18,80,40,13,1035,1033,1030,23,10,3,21,10,,0.00,,,46
2017-1-19,-1,-3,-6,-5,-9,-18,93,62,15,1030,1028,1027,10,5,3,58,13,76,0.00,,中雪,8